#缺省中国

#注释
# !20180929意味着是工作日
# 20181001意味着假日

#2018年度公共假日
20180101
20180215
20180216
20180219
20180220
20180221
20180405
20180406
!20180408
!20180428
20180501
20180618
20180924
!20180929
!20180930
20181001
20181002
20181003
20181004
20181005
20181006

#2019年度公共假日
!20181229
20190101
!20190202
!20190203
20190204
20190205
20190206
20190207
20190208
20190405
!20190428
20190501
20190502
20190503
20190607
20190913
20191001
20191002
20191003
20191004
20191005
20191006
20191007
!20191012

#2020年度公共假日
20200101
20200124
20200125
20200126
20200127
20200128
20200129
20200130
20200404
20200405
20200406
20200501
20200502
20200503
20200504
20200505
20200625
20200626
20200627
20201001
20201001
20201002
20201003
20201004
20201005
20201006
20201007
20201008

#2021年度公共假日
20210101
20210102
20210103
20210211
20210212
20210213
20210214
20210215
20210216
20210217
20210403
20210404
20210405
20210501
20210502
20210503
20210504
20210505
20210612
20210613
20210614
20210919
20210920
20210921
20211002
20211003
20211004
20211005
20211006
20211007

#2022年度公共假日
20220101
20220102
20220103
20220131
20220201
20220202
20220203
20220204
20220205
20220206
20220403
20220404
20220405
20220430
20220501
20220502
20220503
20220504
20220603
20220604
20220605
20220910
20220911
20220912
20221001
20221002
20221003
20221004
20221005
20221006
20221007

#2023公共假日
20221231
20230101
20230102
20230121
20230122
20230123
20230124
20230125
20230126
20230127
!20230128
!20230129
20230405
!20230423
20230429
20230501
20230502
20230503
!20230506
20230622
20230623
20230624
!20230625
20230929
20231001
20231002
20231003
20231004
20231005
20231006
!20231007
!20231008

#2024公共假日
