sse,szse,cffex,shfe,dce,czce
20120101
20120102
20120103
20120122
20120123
20120124
20120125
20120126
20120127
20120128
20120402
20120403
20120404
20120429
20120430
20120501
20120502
20120622
20120623
20120624
20120930
20121001
20121002
20121003
20121004
20121005
20121006
20121007

20130101
20130102
20130103
20130209
20130210
20130211
20130212
20130213
20130214
20130215
20130404
20130405
20130406
20130429
20130430
20130501
20130610
20130611
20130612
20130919
20130920
20130921
20131001
20131002
20131003
20131004
20131005
20131006
20131007

20140101
20140131
20140203
20140204
20140205
20140206
20140405
20140406
20140407
20140501
20140502
20140602
20140908
20141001
20141002
20141003
20141004
20141005
20141006
20141007

20150101
20150102
20150103
20150218
20150219
20150220
20150221
20150222
20150223
20150224
20150405
20150406
20150501
20150620
20150622
20150903
20150904
20150927
20151001
20151002
20151003
20151004
20151005
20151006
20151007

20160101
20160208
20160209
20160210
20160211
20160212
20160404
20160501
20160502
20160609
20160610
20160915
20160916
20161003
20161004
20161005
20161006
20161007

20170102
20170127
20170130
20170131
20170201
20170202
20170404
20170429
20170530
20171002
20171003
20171004
20171005
20171006

20180101
20180215
20180216
20180219
20180220
20180221
20180405
20180406
20180429
20180430
20180501
20180618
20180924
20181001
20181002
20181003
20181004
20181005
20181006
20181231

20190101
20190204
20190205
20190206
20190207
20190208
20190405
20190501
20190502
20190503
20190607
20190913
20191001
20191002
20191003
20191004
20191007

20200101
20200124
20200125
20200126
20200127
20200128
20200129
20200130
20200131
20200404
20200406
20200501
20200502
20200503
20200504
20200505
20200625
20200626
20200627
20201001
20201002
20201003
20201004
20201005
20201006
20201007
20201008

20210101
20210102
20210103
20210211
20210212
20210213
20210214
20210215
20210216
20210217
20210403
20210404
20210405
20210501
20210502
20210503
20210504
20210505
20210612
20210613
20210614
20210919
20210920
20210921
20211001
20211002
20211003
20211004
20211005
20211006
20211007

20220101
20220102
20220103

20220131
20220201
20220202
20220203
20220204
20220205
20220206

20220403
20220404
20220405

20220430
20220501
20220502
20220503
20220504

20220603
20220604
20220605

20220910
20220911
20220912

20221001
20221002
20221003
20221004
20221005
20221006
20221007

20230101
20230102

20230121
20230122
20230123
20230124
20230125
20230126
20230127

20230405

20230429
20230501
20230502
20230503

20230622
20230623
20230624

20230929
20231001
20231002
20231003
20231004
20231005
20231006
