[sse]
000300
600000
600008
600009
600010
600011
600015
600016
600018
600019
600023
600027
600028
600029
600030
600031
600036
600038
600048
600050
600058
600060
600066
600068
600079
600085
600089
600100
600104
600108
600109
600111
600115
600118
600143
600150
600153
600157
600166
600170
600177
600188
600196
600208
600221
600252
600256
600267
600271
600276
600277
600309
600315
600316
600332
600340
600348
600352
600362
600369
600372
600373
600383
600395
600398
600406
600415
600436
600485
600489
600497
600498
600516
600518
600519
600535
600547
600549
600570
600578
600583
600585
600588
600597
600600
600633
600637
600642
600648
600649
600655
600660
600663
600664
600674
600688
600690
600703
600705
600718
600739
600741
600783
600795
600804
600809
600827
600832
600837
600839
600863
600867
600873
600875
600880
600886
600887
600893
600900
600998
600999
601006
601009
601018
601088
601098
601111
601117
601118
601158
601166
601168
601169
601179
601186
601216
601225
601231
601258
601288
601299
601318
601328
601333
601336
601377
601390
601398
601555
601600
601601
601607
601618
601628
601633
601668
601669
601688
601699
601727
601766
601800
601808
601818
601857
601866
601888
601898
601899
601901
601928
601929
601933
601939
601958
601988
601989
601992
601998
603000
603288
603699
603993

[szse]
000001
000002
000009
000024
000027
000039
000060
000061
000063
000069
000100
000156
000157
000166
000333
000338
000400
000401
000402
000413
000423
000425
000503
000536
000538
000559
000568
000581
000598
000623
000625
000629
000630
000651
000686
000709
000725
000728
000729
000750
000768
000776
000778
000783
000792
000793
000800
000825
000826
000831
000839
000858
000869
000876
000878
000883
000895
000898
000917
000937
000960
000963
000970
000983
000999
002001
002007
002008
002024
002038
002051
002065
002081
002129
002142
002146
002153
002202
002230
002236
002241
002252
002292
002294
002304
002310
002344
002353
002375
002385
002399
002400
002410
002415
002416
002422
002429
002450
002456
002465
002470
002475
002500
002570
002594
002603
002653
002673
300015
300017
300024
300027
300058
300070
300124
300133
300146
300251
